106834	63485	619075	209036	580112	550783	246301	595621	380541	202002
404810	282198	727854	613337	446886	14359	272314	589703	596301	170266
551290	461109	28012	109406	601071	323443	313375	604971	580592	616000
287915	213181	170765	486370	618256	683683	245139	656566	189317	590940
664656	192572	302431	267290	231287	292769	569562	44148	442370	148961
308335	558603	719501	497030	787123	458438	442869	462517	38963	439394
403941	319697	757611	774268	796448	421024	208562	744214	597652	417071
732419	658419	548895	175409	687499	49086	526476	520100	173109	754435
300931	451824	394454	153237	514805	671874	474677	190153	566064	621588
89043	431951	366307	262042	490830	220432	49968	457109	318015	438707
442748	286283	414373	683217	654525	701931	568130	734699	344035	58944
165865	147054	609651	183002	278857	123879	692603	606982	243639	428188
536028	193310	168009	471639	125272	773324	388331	355363	241870	673014
123441	85263	595706	257786	415036	660455	256845	117166	513944	34271
690583	23652	566209	473060	706287	138191	372444	788779	62621	298066
538454	497158	728806	611215	504649	354005	683563	594337	536305	147989
240441	330379	576255	479039	420269	784299	706138	127251	448466	704277
231843	518007	237025	48840	303337	514761	517977	618613	98591	321755
127191	334736	545833	654691	794395	394232	327926	138170	677331	345905
107149	114507	784994	168634	128240	99274	166928	697206	402065	194749
302592	629097	341793	473206	506831	258923	418044	67751	374526	625536
118933	59228	319533	720034	245532	223454	720027	791230	542757	703866
64436	598416	660252	500414	399143	99525	257332	516325	311201	126090
710637	180150	436304	484659	352609	161288	64319	237646	263508	622938
221682	454816	759150	407248	642032	689962	261131	723190	493451	425540
205796	508464	12727	141352	42773	462538	304092	301646	793396	798696
291913	418257	83892	38745	373838	435729	37730	274832	102937	597612
306067	648577	634420	491420	634741	148531	504526	333018	310820	402746
766212	539493	401214	544004	588320	52824	90427	651068	731909	114972
244012	120070	649482	258276	768865	595944	109867	763334	211004	594601
633542	749820	326003	672300	30225	203962	276810	749485	162581	9721
258176	172104	516932	38947	316482	694231	243884	769098	128260	391589
638812	335389	320253	566341	564194	787503	358373	779311	272785	209296
502469	446577	72685	73187	218324	563152	82369	539233	357845	467246
755775	772150	562948	134414	514595	337820	718150	291622	306919	154128
271435	667110	18450	109225	262468	542642	394491	523619	341790	650588
87984	120762	534134	158991	630887	84087	193542	213614	133195	116732
117501	656706	545981	183467	531834	318024	581823	2621	427631	474420
68040	569089	126010	100095	15181	427782	166063	380382	415244	80154
455835	637737	341140	794735	495760	319354	300925	405880	378459	421641
607398	423198	788380	277544	155644	337456	769267	8511	258163	796981
196979	343664	69255	141908	89723	734497	37356	621869	507281	144271
556044	686023	435348	166960	141487	422608	320641	431490	246109	538441
616943	772692	225306	7139	421814	201260	6067	78047	228192	480715
463363	326185	384673	520217	792248	236793	452770	417788	670600	656327
268987	39354	339476	505059	364076	494740	285108	634690	661385	172564
388567	227693	470712	121759	616161	73366	113642	518204	355687	218854
660849	730766	560655	81703	431397	501805	746662	323766	698587	582988
391092	424569	66443	218045	619400	755537	425449	539863	418209	244742
65697	50116	797526	35141	220116	475399	731400	677523	29996	444609
738361	162700	69555	608118	420040	85718	135821	220042	358375	248193
604632	630700	478848	43104	673094	787153	719240	29713	53364	115458
400401	394508	352159	659092	77590	507397	464918	673767	257937	320619
433081	29620	401645	321153	757486	147580	281564	135664	330384	197461
457789	300317	743166	511138	531002	346072	146350	414917	570255	13350
482969	161022	267985	298242	186011	538874	357024	745716	325071	672646
31444	543557	506955	462327	545076	734057	779453	701346	18599	448752
557073	304552	168103	684789	782034	306161	575083	379773	753362	738036
649828	205251	301439	774454	397229	387243	54931	630311	476035	375526
641507	425477	249633	321668	583310	578795	358452	689058	792690	671027
201130	106502	143204	316783	593601	390197	385447	11302	182305	697202
96809	568700	519744	36793	798759	244086	267653	54386	244821	132754
575052	115960	176910	565393	485535	259241	567255	769098	460115	141142
707633	239684	159032	499276	277206	671640	707928	258600	314760	317800
180838	452575	40675	701621	764472	391453	318509	680715	625305	398653
615583	561081	483008	149386	16505	87248	700783	584055	163096	684345
135230	532163	538697	703857	245351	170807	684402	225656	642376	655059
529260	394633	569097	295864	636035	121067	329444	524343	8639	249631
246051	769662	576902	402733	705622	290938	168834	629650	58893	141908
100119	343717	374068	210373	655064	5595	299586	262733	502786	611438
381542	688196	783862	163692	415065	125694	112294	281294	686614	400540
365164	711323	5641	250587	15218	594263	421340	421354	45933	141361
134378	766893	705747	395766	653189	742323	277667	401935	641365	433978
148675	107786	284659	386341	157842	49790	213193	623273	321628	222008
46456	24301	779352	505868	285734	605000	771362	38228	360642	63812
456952	521081	343440	595906	798627	327029	576877	437965	583822	730421
218308	496093	324723	694857	84884	522266	271390	373522	391628	43092
92865	229601	406259	207876	525531	459806	301636	711296	457490	604831
368750	159272	512260	656330	460201	284879	614633	620791	666137	284456
666064	576466	781673	32326	326485	160293	706823	445837	393977	347533
527012	610702	793268	537622	454283	439915	728535	335514	666322	627779
725553	418590	162473	473886	82733	104970	62928	790151	670139	289852
709340	367297	260109	92293	282097	765461	42619	655617	231555	706875
73079	70411	427557	86862	319768	139880	563582	582654	522653	683069
408912	227842	44864	672289	384230	333527	92643	126819	43099	375534
299075	735784	173793	330343	511511	658840	792998	430636	292037	254131
284912	624687	334959	608714	346326	162070	524743	97471	30283	91448
302403	572278	37943	444502	777878	184006	290337	293317	620439	665684
518684	706845	378711	355964	344015	295331	126449	317790	473857	519877
399682	407950	625763	57596	285449	279003	594518	651095	441798	645810
111870	634301	373319	324707	4660	714927	455974	554149	439286	7162
799530	731389	547428	346436	655436	550606	260024	381414	522506	603601
133499	626629	772315	5029	334292	572472	310730	729874	554743	287506
111549	101663	65463	111396	602729	445716	166289	624972	55235	322482
780024	297282	519066	581809	440128	447729	470538	729786	55613	424691
779452	775540	393375	190288	74289	26201	281	414265	678114	423988
294308	118209	607404	370180	586100	474632	270539	756488	249324	153707
472234	525160	540238	623740	724718	104900	273920	249744	485988	720482
496634	697740	790023	249715	650840	440732	603338	402201	111392	75537
336827	320104	778495	697970	261342	651921	245019	547148	520010	526058
512804	117948	799809	51759	714635	753977	719459	600730	205556	771629
610220	173597	319281	429146	610702	431100	642439	142850	266351	270703
441447	65989	718786	155107	283847	283955	689697	149891	127937	242858
608544	403352	211598	416792	2846	2308	353221	232340	464348	363510
184686	707195	523912	570997	168368	523036	12502	345573	607184	341076
755158	33348	438708	481998	139385	526042	611442	430252	218936	176574
673336	185983	758462	549207	259684	76144	394064	244318	249587	449616
679307	63628	667140	519447	405767	232537	335611	78606	631749	471945
49839	503919	722310	412776	614162	776143	398272	372147	700183	582412
311444	60957	310737	730581	407786	568414	493431	693250	109792	169815
429185	512559	743906	329677	328210	335110	258295	723097	297910	309658
320858	373991	704198	468497	356860	109657	129798	526738	780133	256878
40072	71972	191303	455567	698989	380077	661021	441740	334878	481229
185751	452372	237612	513428	798143	330487	375931	439166	233596	659609
55630	664124	499118	532479	96368	185061	560143	59724	186893	407366
255474	249946	685493	310990	470072	443501	164544	6797	539936	57965
455020	513602	632837	204138	228892	199511	43225	557156	264358	369385
359136	118091	70882	743605	103473	377207	508050	461537	721561	690801
414287	156406	681397	409347	668497	786578	572572	445454	139742	71496
634345	545908	637085	768827	712902	732873	253755	242662	42349	205085
6855	610852	463533	440676	605806	22896	139303	519027	539820	708045
694360	179838	256670	746568	602389	663392	412078	55430	362664	526757
601092	442892	552888	206466	239817	374825	214532	698973	147921	508828
221484	356002	289368	490500	302338	242647	460848	169521	431202	381883
474411	81442	571414	109940	562861	354420	451097	92737	543459	138353
369032	504401	507551	417197	573812	244636	460757	453517	128833	272508
620378	127583	770151	160002	383715	271646	683813	419464	713046	363261
573767	34838	639992	429845	661004	127397	574089	129925	749112	412418
707368	714801	610963	254073	38805	537647	295754	301554	399525	765350
325208	690249	341665	161659	142206	417570	260859	248515	794715	553797
654309	15688	282370	624107	773452	637164	62601	798720	712274	565966
507750	53881	179325	717405	424129	217186	633556	614033	688521	586522
521099	553832	627143	12701	432154	76476	756620	161617	504194	40774
526077	322558	329698	89698	743947	205086	383681	767639	242650	267666
768309	467881	628832	447010	278919	126503	86369	507907	427796	342235
743870	209040	719099	390063	487982	281134	350330	9672	498260	639511
22825	488067	598988	303932	75708	619035	567773	174388	114849	10361
10343	712273	690342	122995	305468	502163	583090	364675	243468	220195
293093	123749	726292	510838	179066	217264	466714	474613	381073	40640
418674	695106	364848	144540	490376	584406	258548	27831	736248	701868
109688	423812	293408	601893	772055	670148	22835	92200	139414	91268
734941	134827	474868	485221	23791	597908	641745	795308	703751	67031
323939	460052	636864	350777	630636	773376	558788	365805	412425	250131
155676	362660	172776	480393	313888	754219	440946	469229	758960	534516
479377	796933	419812	26430	630682	97979	798665	272532	266366	545255
396711	384140	781439	639394	440076	589446	586113	241326	370169	172318
177822	49427	207047	769204	133815	10954	363920	192317	446614	470705
185501	473070	31663	598154	402396	170514	68511	397562	638291	765316
493923	593880	676199	560581	647326	500500	184576	136618	776041	13241
423650	257531	439781	538189	696818	203281	410912	549328	781521	201662
449033	185155	268529	760420	735433	231779	258081	650502	585035	3254
605901	67222	310459	418205	481585	96915	394870	585075	196435	442410
437299	46598	77322	11462	666185	497394	7692	248040	373865	276859
326363	587161	6840	252799	669307	739750	453604	449553	59109	64760
703909	537611	691367	461597	310344	90031	636790	16658	765142	724236
672305	463583	412165	286040	474022	767587	446036	696063	249405	620033
107438	366937	355560	130193	565613	413029	345074	326906	786134	412645
200356	33632	514053	645995	261982	256203	559557	320469	126065	223307
55298	508036	180206	445573	661596	757900	467111	9872	427741	410784
609501	601243	774645	329526	399445	445634	446151	73943	149825	692421
683300	286184	625114	306468	307930	616108	313237	115255	258969	304469
569772	257375	406853	754999	760302	304520	378510	264734	746258	179808
257389	545250	504116	671121	380034	755698	337355	438891	432759	681874
35091	343552	658983	33789	250873	468656	219828	797517	319610	791443
7623	565356	500167	253421	693970	381648	425688	609305	701069	79856
163219	83439	717035	549789	528762	338608	132963	662161	373408	562932
761528	290920	450723	206309	3943	12099	595102	248653	64137	221190
85338	257971	266014	399356	237179	497082	11737	672042	263166	563576
425956	641862	257620	98394	462979	340891	409101	174174	610885	635793
412289	75319	708612	332480	745671	107486	599109	165304	1028	25017
173638	219027	195208	640583	19373	320131	564190	382100	564448	147300
534029	187780	721660	49169	382737	380918	164051	20746	351735	41848
522629	578172	435028	95237	778517	584780	168765	256692	528851	219678
63423	733439	37778	243386	265329	149598	440946	703309	3823	767362
353888	35139	174841	301196	441757	754543	231278	72904	439885	596769
194980	731247	471678	50108	274780	460527	292375	742406	669499	528384
694268	78109	254376	773773	340954	286623	593920	411938	755275	631014
293715	133922	467608	339399	498220	303966	438189	459626	161164	708925
799211	101134	359651	189606	519454	416174	392612	784718	776230	585838
298810	743896	426467	414632	749084	317066	400792	300616	12089	403163
701482	136399	62304	542038	567214	109580	293616	159124	74547	9476
121312	223261	378125	310308	599842	353815	348599	789237	453278	114054
749316	350977	409859	353472	499844	268956	651628	212591	606433	616299
334611	179498	796548	248179	704606	188201	176641	310368	728098	174632
339352	287090	377410	756936	478378	64575	553710	582444	426252	574988
501003	784529	312341	498680	258814	718296	745365	441001	420753	294879
256809	163193	610717	9868	398595	35156	458002	562167	170438	491172
47127	185404	759336	107941	37708	664745	105655	787576	494250	87780
167338	616477	735265	478920	335767	84288	605629	392524	263848	685425
495654	290750	398926	488938	374866	507926	770165	250756	678012	203988
462050	455649	475346	535346	512723	714505	578790	322289	507854	205832
680084	567851	297840	538638	686576	483812	248091	127158	314827	205315
239244	306157	121753	126341	466146	378823	697534	564087	341505	777560
314083	661043	292097	531240	117354	59378	542510	70797	771361	133002
313372	668283	106235	238466	618088	292829	192260	546636	24126	780198
356281	542862	551917	550927	376482	434141	716469	275318	635991	277558
573847	671831	185364	645070	316656	438701	258493	665474	269751	156897
606027	335185	469381	65813	254915	65238	366035	301355	572238	332695
773284	299392	5996	430425	591928	5800	195067	60021	70811	497605
285082	88369	22688	8050	256493	789197	95543	761629	65625	116686