12099	5713	23665	20451	15625	5203	4781	10664	4753	25216	
22052	1681	29226	7154	28497	32701	30924	28887	30847	1500	
21943	3968	29323	13029	9559	9141	5867	25607	29547	24652	
2799	12257	10342	18170	22599	3317	26133	8808	20166	15450	
6019	26249	13158	19634	14362	27436	24715	18780	5642	13517	
15244	27115	5103	16305	9071	21974	11694	306	15604	20592	
17567	4951	16342	24859	30450	16039	10573	19385	1611	22079	
30679	28004	4528	6691	21560	20831	9893	5074	19391	4684	
28053	8477	32716	23455	30068	8504	28303	8018	25251	30738	
14610	21467	1300	23522	2682	20059	6574	8450	1162	3352	
15091	30721	21864	1581	17632	20980	23204	20096	12308	24332	
30070	11509	10293	23406	29767	28129	24976	7742	13683	2754	
29183	7933	26446	31277	12560	25878	2405	15367	25443	5555	
4870	30200	13652	5077	25346	13341	18650	26276	23729	8701	
23215	23044	22071	20415	17074	3432	15366	22426	21385	25835	
3492	30604	23946	4253	6063	29519	22748	7706	3870	21129	
31449	18530	29129	20291	15031	31204	20524	2204	2408	13532	
25703	19902	16574	21983	6794	5394	3539	25780	28176	29616	
23208	26470	16553	10522	31500	27543	3645	4905	8384	14871	
8749	7751	23256	26806	12764	1503	9316	15958	110	30994	
18000	7492	28623	30636	4233	26568	8951	31574	11873	4858	
5485	16653	6709	23512	19466	18130	29773	21142	768	20899	
16643	12341	32027	4011	21032	10839	22598	10934	24483	14674	
2896	24295	4955	1155	28912	27053	3160	26853	1031	25843	
7461	19937	12582	25239	18808	15464	24912	23582	18196	27712	
8705	19110	1519	15259	3694	31515	912	17646	24079	29358	
28092	1792	15451	30595	22609	21314	19923	4522	2674	30302	
1601	6225	9956	20242	13378	7992	13240	18239	26114	22629	
17707	25405	2887	15896	20426	23410	30897	6401	26074	29731	
12352	14001	25590	1929	4886	25679	20730	30248	24702	396	
29984	29020	9774	16344	27753	21557	1481	25047	14399	32388	
29608	3854	5208	26166	21210	4067	4829	21217	4713	1476	
17356	30621	12255	29606	27547	24341	17161	10929	3358	24030	
30459	28473	19114	32519	5204	27121	25211	7921	196	14683	
19027	10336	22475	14211	11876	10195	195	18413	22384	10513	
26144	16844	15407	4869	12791	19060	16881	30155	13245	13330	
28804	32523	21330	13467	7512	2182	13629	2306	20961	29934	
29754	22702	28989	20219	5106	27947	24855	24251	4361	4640	
14795	10538	12893	12673	16842	3586	32653	5	14401	30676	
185	19931	13045	21080	11145	20377	4977	15106	8561	29557	
22372	8149	9011	5815	18501	16508	23973	12142	20024	17815	
29620	15970	27189	25171	27049	7499	7015	13373	21931	32064	
13266	21848	31109	10610	24633	21612	10666	25114	26431	1954	
9590	25520	25548	27982	17591	28254	32434	3852	7788	25012	
27537	6926	3277	16541	11512	10164	12939	12690	25548	21853	
25944	20237	11758	17022	8618	23617	22552	1521	27580	12808	
26376	9103	16854	30749	15329	12032	975	32395	22478	4306	
29648	19301	744	8649	13402	12472	23130	4214	26507	32446	
2498	17675	21405	9812	13275	14190	12463	24494	20058	27532	
968	10570	29973	2032	11033	13090	30826	14996	32642	2598	
10975	24567	12120	6121	12806	8303	13926	19099	24228	30657	
5937	31031	20497	23279	14721	22525	26338	28753	4636	4387	
19142	3559	30677	21960	1966	29166	18885	31529	1585	27057	
19161	30743	25390	23202	22157	22185	27315	25001	21238	28206	
14877	31932	1030	31077	19841	29360	9228	23793	31819	27983	
25978	12807	10533	31146	16875	26986	10523	25265	14948	6809	
9724	6656	27866	21318	3	8956	8949	31499	29366	13343	
15892	8025	271	656	9361	15281	27866	27639	5190	21014	
15710	29327	32336	26562	6463	16253	20498	14872	30627	8032	
19837	16346	27796	11561	24719	19100	5286	7981	538	23672	
25561	27256	8135	1540	23488	12388	9050	24705	27875	10859	
32568	30805	1891	2106	25638	15292	7900	29702	1107	16826	
9615	12579	1945	32084	17089	2259	5376	12543	18526	31068	
5508	13913	11234	23389	5144	28183	1657	29025	24298	27710	
24677	5557	19945	13463	19361	31351	21125	7004	4548	12272	
13493	7736	31015	25892	8511	18799	25930	5798	27956	32088	
22132	8113	12985	10260	3226	24949	11021	18298	20866	29871	
27080	18257	11817	6524	23905	4034	3937	22895	14579	22540	
7614	4065	11073	4474	19635	19592	1783	32403	25849	17484	
16435	19088	3632	17493	25411	13587	7113	23401	26801	9749	
8483	11637	2684	15904	4340	9577	32425	14015	27627	31049	
15098	10036	17044	13441	9726	360	3707	15482	22858	23336	
9876	874	22789	22413	21210	23920	25770	17596	17207	11232	
17673	16848	28068	21212	15247	277	6033	11556	30408	31351	
3719	29230	12322	8762	21516	17018	22260	30699	16583	20000	
27838	406	25316	18859	30387	1849	7098	9513	10356	8825	
16555	14723	11295	30356	17228	24587	11144	9367	9414	10324	
32454	20433	14461	8262	9202	18055	31215	25201	25643	8937	
31198	24226	18909	30789	9905	4276	19523	24699	29720	6569	
21547	32177	9711	28410	32250	17479	16997	5162	15599	8461	
28509	4769	17324	20404	16148	9144	22002	30083	12292	16657	
26540	21579	25609	3881	11567	10653	21187	22064	192	3642	
31547	32024	16726	27083	22729	15084	3746	20179	7989	29283	
1613	21217	540	27573	26241	14090	2965	24749	14762	29846	
17941	3839	28542	506	15760	17629	1851	25607	7137	7109	
12079	24416	25708	21917	32126	24113	4866	4097	9760	24094	
8709	16860	21033	31354	15308	14133	31821	26298	6984	32588	
30371	27945	24552	230	32169	17885	22715	10469	31881	23017	
2773	26395	26266	18132	30451	28000	18986	13898	25186	25826	
123	24082	10012	3517	7947	15424	20277	31948	3608	25516	
32629	27582	26724	27810	30023	20332	2102	24027	7121	10345	
26017	8620	31845	16859	10760	23422	3608	21130	7394	12670	
10416	13367	19899	24214	7876	9519	8059	8347	17182	18464	
6379	22216	23908	22058	7797	25707	20984	14137	31020	11230	
284	29843	20236	13753	8538	14765	28802	22598	6435	22339	
7983	29493	7094	31911	12777	5009	3395	7002	14850	5107	
29264	10457	3533	3318	28253	12985	23647	10730	5571	30966	
11923	13773	5858	649	31057	29815	32379	24632	9487	7188	
